15224
15226
15238
15244
15245
15246
15247
15249
15252
15253
15263
15264
15265
15266
15267
15268
15269
15271
15272
15273
15276
15277
15278
15279
15280
15281
15282
15283
15284
15285
15286
15287
15288
15289
15297
15298
15299
15300
15301
15302
15303
15304
15305
15306
15308
15309
15310
15311
15312
15313
15315
15316
15317
15318
15319
15320
15321
15322
15323
15324
15325
15326
15327
15328
15329
15330
15331
15332
15333
15334
15335
15336
15337
15346
15447
15489
15490
ERROR   ID Table overflow
ERROR   This file is too complex to render- SWF only supports 65536 shapes at once
15491
15492
15493
15494
15495
15496
15497
15498
15499
15500
15501
16896
16897
16898
16928
16929
16930
16931
17060
17062
17312
17321
17365
17380
ERROR   ID Table overflow
ERROR   This file is too complex to render- SWF only supports 65536 shapes at once
17390
17399
17408
17409
17434
17435
17436
17437
17454
17455
17456
17457
17458
17459
17674
20235
20269
20343
20580
22014
22211
22279
22343
22407
25188
25352
25356
25357
25358
25362
25364
25368
25370
25372
25374
25376
25378
25380
25381
25382
25383
25384
25385
25389
25452
25454
25462
25463
25514
25578
25606
25608
25612
25614
25616
25617
25619
25623
25625
25627
25628
25631
25668
25672
25673
25681
25683
25685
25742
25744
25745
25772
25976
25977
25978
25979
25988
25989
25993
25995
25996
25997
25998
25999
26000
26001
26002
26003
26004
26005
26006
26010
26011
26012
26013
26014
26015
26017
26018
26019
26021
26022
26023
26024
26025
26026
26028
26029
26032
26034
26035
26037
26038
26039
26040
26041
26042
26044
26045
26046
26047
26049
26050
26051
26052
26053
26054
26055
26056
26057
26058
26059
26060
26061
26062
26063
26064
26066
26067
26074
26076
26077
26079
26082
26084
26085
26170
26174
26175
26176
26177
26179
26180
26181
26183
26184
26185
26187
26189
26190
26191
26192
26193
26196
26197
26198
26200
26206
26207
26208
26209
26210
26214
26215
26216
26217
26218
26219
26220
26221
26223
26224
26225
26228
26229
26231
26232
26233
26235
26236
26238
26239
26240
26243
26244
26245
26246
26247
26248
26249
26251
26255
26310
26311
26312
26313
26314
26316
26317
26318
26319
26320
26321
26322
26323
26324
26327
26329
26334
26336
26337
26342
26343
26344
26345
26346
26349
26350
26351
26352
26353
26354
26355
26356
26358
26359
26360
26364
26365
26368
26369
26370
26372
26373
26461
26495
26528
ERROR   ID Table overflow
ERROR   This file is too complex to render- SWF only supports 65536 shapes at once
26530
ERROR   ID Table overflow
ERROR   This file is too complex to render- SWF only supports 65536 shapes at once
26531
ERROR   ID Table overflow
ERROR   This file is too complex to render- SWF only supports 65536 shapes at once
26583
ERROR   ID Table overflow
ERROR   This file is too complex to render- SWF only supports 65536 shapes at once
26585
26618
26622
26623
26625
26626
26628
26630
26633
26634
26635
26636
26637
26638
26639
26640
26641
26642
26643
26645
26646
26649
26650
26654
26675
26691
26694
26695
26697
ERROR   ID Table overflow
ERROR   This file is too complex to render- SWF only supports 65536 shapes at once
26698
ERROR   ID Table overflow
ERROR   This file is too complex to render- SWF only supports 65536 shapes at once
26699
ERROR   ID Table overflow
ERROR   This file is too complex to render- SWF only supports 65536 shapes at once
26700
26702
26705
26708
26710
26712
26713
26715
26717
26719
26721
26722
26755
26757
26795
26797
26798
26799
26800
26804
26805
26806
26807
26808
26812
26814
26815
26816
26817
26818
26819
26928
26930
26931
26932
26933
26934
26935
26936
26937
26939
26940
26945
26946
26947
26949
26951
26952
26954
26955
26956
26957
26963
26964
26965
26969
26970
26971
26972
26975
26977
26978
26980
26982
26989
27572
ERROR   ID Table overflow
ERROR   This file is too complex to render- SWF only supports 65536 shapes at once
27678
28137
28397
ERROR   ID Table overflow
ERROR   This file is too complex to render- SWF only supports 65536 shapes at once
29382
29385
29386
29389
29390
29391
29392
29394
29395
29397
29398
29400
29401
29403
29404
29406
29407
29408
29409
29412
29414
29415
29416
29417
29418
29419
29420
29428
29432
29434
29436
29437
29438
29441
29443
29444
29445
29447
29448
29449
29450
29452
29454
29458
29462
29463
29464
29465
29466
29467
29469
29470
29471
29473
29475
29476
29477
29478
29479
29480
29481
29482
29484
29485
29486
29487
29495
29498
29499
29501
29502
29505
29506
29507
29508
29509
29510
29511
29513
ERROR   ID Table overflow
ERROR   This file is too complex to render- SWF only supports 65536 shapes at once
29515
29516
29519
29521
29530
29531
29532
29533
29534
29535
29536
29538
29543
29544
29545
29546
29547
29548
29549
29550
29551
29553
29555
29557
29558
29559
29560
29561
29565
29570
29760
29761
29762
29842

